[Remarks]
Comment1=Parameter file for Lights/Tones program
Save Date=8/11/2005
Save Time=1:53:58 PM
[Parameters]
ZoneOrder=0
DelayCond=0
RewardCond=0
FeederCond=0
FixedDelay=0
FixedRewardProb=100
FixedFeederPulse=90
SeqLength=8
MaxJump=100
UseStim=1
UseFeeders=0
StimDur=350
TimeOut=400
PulseWidth=0.2
StimFreq=150
StimAmp=80
UnexpectedRewardCond=0
UnexpectedRewardProb=5
UnexpectedRewardMaxTime=1000
UnexpectedRewardMinTime=600
[Seq_Data]
SeqArray= 7 2 5 3 7 2 5 1
Delays= 0 0 3.5 3 3.5 3 4 4
Reward_Probs= 100 100 100 100 100 100 100 100
Feeder_Pulses= 100 100 100 100 100 100 85 55
[Program_Options]
SoundDriverNumber=1
ShowSerialTerm=1
ZoneScaleCenter=1
ZoneScaleEdge=0.9
ZonePositionX= 318.84476852417 164.043323516846 103.971118927002 168.664264678955 325.776165008545 478.267162322998 540.649822235107 482.888072967529 277.256313323975 378.916957855225
ZonePositionY= 469.856548309326 397.036846160889 242.032634735107 89.61181640625 28.9825611114502 96.7161750793457 254.303798675537 409.308025360107 188.911380767822 288.210971832275
[Files_and_Paths]
Init_File=D:\Euston\Rat8068\8068_055\rand01.INI
Log_Path=D:\Euston\Rat8068\TrainingLogs
